Number	Time	Cell	Duration
1	1	1	25
2	5	4	60
3	10	7	40
4	15	4	35
5	20	2	70
6	25	7	25
7	30	2	45
8	35	9	30
9	40	5	25
10	45	4	35
11	90	1	45
12	95	9	60
13	100	2	75
14	105	1	45
15	110	7	60
16	115	4	45
17	120	2	35
18	125	7	25
19	130	8	45
20	135	7	35
21	140	5	40
22	145	4	45
23	185	7	20
24	190	9	15
25	195	4	20
26	200	7	40
27	205	8	25
28	210	4	35
29	215	1	15
30	220	3	35
31	225	9	45
32	230	2	25
33	235	3	15
34	240	5	25	
35	270	2	35
36	275	6	30
37	280	9	40
38	285	4	25
39	290	4	35
40	295	5	20
41	300	3	30
42	350	7	10
43	355	6	40
44	360	3	35
45	365	8	20
46	370	7	25
47	375	2	15
48	380	5	25
49	385	5	45
50	390	3	30
51	395	1	25
52	400	2	35
53	440	8	45
54	445	9	30
55	450	9	25
56	455	8	20
57	460	3	25
58	465	1	35
59	470	4	40
60	500	4	25
61	505	1	10
62	510	9	25
63	515	6	30
64	520	2	25
65	525	7	30

