Number	Time	Cell	Duration
1	1	1	105
2	2	4	60
3	3	7	160
4	4	4	55
5	4	2	80
6	5	7	45
7	5	2	135
8	5	9	60
9	6	5	45
10	8	4	35
11	8	1	145
12	8	9	50
13	8	2	25
14	9	1	45
15	9	7	150
16	11	4	75
17	11	2	25
18	11	7	50
19	12	8	85
20	12	7	105
21	14	5	70
22	14	4	95
23	14	7	40
24	15	9	75
25	15	4	40
26	15	7	110
27	17	8	85
28	17	4	45
29	19	1	95
30	20	3	125
31	60	9	85
32	65	2	85
33	65	3	55
34	70	5	85	
35	80	2	75
36	80	6	90
37	85	9	80
38	85	4	75
39	86	4	45
40	86	5	70
41	88	3	70
42	88	7	80
43	88	6	90
44	89	3	55
45	89	8	70
46	120	7	55
47	125	2	95
48	130	5	75
49	130	5	45
50	135	3	80
51	136	1	65
52	136	2	55
53	139	8	45
54	140	9	30
55	140	9	65
56	140	8	70
57	142	3	25
58	145	1	35
59	145	4	50
60	150	4	75
61	160	1	60
62	165	9	45
63	170	6	30
64	175	2	80
65	180	7	30

